notebooks/interactive_export/flight_plan.ict
38, 1001
N/A
N/A
Planned flight track - hyplan
N/A
1, 1
2026, 3, 21, 2026, 3, 21
0
Start_UTC, seconds, seconds from midnight UTC
6
1, 1, 1, 1, 1, 1
-9999, -9999, -9999, -9999, -9999, -9999
Latitude, Degrees, North positive, geodetic latitude
Longitude, Degrees, East positive, geodetic longitude
Altitude, meters, above sea level
speed, meters per second, ground speed
Bearing, degrees, degrees from north
SZA, degrees, solar zenith angle
0
17
PI_CONTACT_INFO: 
PLATFORM: King Air 200
LOCATION: N/A
ASSOCIATED_DATA: N/A
INSTRUMENT_INFO: Planned flight track generated by hyplan
DATA_INFO: Linearly interpolated planned flight track
UNCERTAINTY: N/A - planned track
ULOD_FLAG: -7777
ULOD_VALUE: N/A
LLOD_FLAG: -8888
LLOD_VALUE: N/A
DM_CONTACT_INFO: 
PROJECT_INFO: 
STIPULATIONS_ON_USE: Use as-is for flight planning only
OTHER_COMMENTS: 
REVISION: RA
RA: Planned flight track - pre-flight
Start_UTC, Latitude, Longitude, Altitude, speed, Bearing, SZA
[from data line 230]
14822, 34.990265002, -118.246684520, 3159, 104.866, 190.000, -9999.000
14889, 34.988368171, -118.247303405, 3143, 104.817, 190.000, -9999.000
14955, 34.986471340, -118.247922291, 3127, 104.767, 190.000, -9999.000
15022, 34.984574508, -118.248541176, 3112, 104.717, 200.000, -9999.000
15089, 34.982794908, -118.249550731, 3096, 104.667, 200.000, -9999.000
15155, 34.981015308, -118.250560286, 3080, 104.618, 200.000, -9999.000
15222, 34.979235709, -118.251569841, 3064, 104.568, 200.000, -9999.000
15289, 34.977456109, -118.252579396, 3048, 104.518, 210.000, -9999.000
15356, 34.975847776, -118.253948871, 3032, 104.468, 210.000, -9999.000
15423, 34.974239443, -118.255318345, 3016, 104.419, 210.000, -9999.000
15490, 34.972631111, -118.256687820, 3000, 104.369, 210.000, -9999.000
15556, 34.971022778, -118.258057294, 2984, 104.319, 220.000, -9999.000
15623, 34.969634536, -118.259745037, 2969, 104.269, 220.000, -9999.000
15690, 34.968246294, -118.261432780, 2953, 104.220, 220.000, -9999.000
15757, 34.966858052, -118.263120524, 2937, 104.170, 220.000, -9999.000
15824, 34.965469810, -118.264808267, 2921, 104.120, 230.000, -9999.000
15891, 34.964343792, -118.266762997, 2905, 104.070, 230.000, -9999.000
15959, 34.963217774, -118.268717728, 2889, 104.021, 230.000, -9999.000
16026, 34.962091756, -118.270672459, 2873, 103.971, 230.000, -9999.000
16093, 34.960965739, -118.272627190, 2857, 103.921, 240.000, -9999.000
16160, 34.960136113, -118.274789555, 2842, 103.871, 240.000, -9999.000
16227, 34.959306488, -118.276951920, 2826, 103.822, 240.000, -9999.000
16295, 34.958476863, -118.279114285, 2810, 103.772, 240.000, -9999.000
16362, 34.957647238, -118.281276650, 2794, 103.722, 250.000, -9999.000
16429, 34.957139177, -118.283581023, 2778, 103.672, 250.000, -9999.000
16497, 34.956631116, -118.285885395, 2762, 103.623, 250.000, -9999.000
16564, 34.956123055, -118.288189768, 2746, 103.573, 250.000, -9999.000
16631, 34.955614994, -118.290494141, 2730, 103.523, 260.000, -9999.000
16699, 34.955443910, -118.292870606, 2715, 103.473, 260.000, -9999.000
16766, 34.955272826, -118.295247070, 2699, 103.423, 260.000, -9999.000
16834, 34.955101743, -118.297623535, 2683, 103.374, 260.000, -9999.000
16901, 34.954930659, -118.300000000, 2667, 103.324, 270.000, -9999.000
16969, 34.955101743, -118.302376465, 2651, 103.274, 270.000, -9999.000
17037, 34.955272826, -118.304752930, 2635, 103.224, 270.000, -9999.000
17104, 34.955443910, -118.307129394, 2619, 103.175, 270.000, -9999.000
17172, 34.955614994, -118.309505859, 2604, 103.125, 280.000, -9999.000
17240, 34.956123055, -118.311810232, 2588, 103.075, 280.000, -9999.000
17308, 34.956631116, -118.314114605, 2572, 103.025, 280.000, -9999.000
17375, 34.957139177, -118.316418977, 2556, 102.976, 280.000, -9999.000
17443, 34.957647238, -118.318723350, 2540, 102.926, 290.000, -9999.000
17511, 34.958476863, -118.320885715, 2524, 102.876, 290.000, -9999.000
17579, 34.959306488, -118.323048080, 2508, 102.826, 290.000, -9999.000
17647, 34.960136113, -118.325210445, 2492, 102.777, 290.000, -9999.000
17715, 34.960965739, -118.327372810, 2476, 102.727, 300.000, -9999.000
17783, 34.962091756, -118.329327541, 2461, 102.677, 300.000, -9999.000
17851, 34.963217774, -118.331282272, 2445, 102.627, 300.000, -9999.000
17919, 34.964343792, -118.333237003, 2429, 102.578, 300.000, -9999.000
17987, 34.965469810, -118.335191733, 2413, 102.528, 310.000, -9999.000
18055, 34.966858052, -118.336879476, 2397, 102.478, 310.000, -9999.000
18123, 34.968246294, -118.338567220, 2381, 102.428, 310.000, -9999.000
18191, 34.969634536, -118.340254963, 2365, 102.379, 310.000, -9999.000
18259, 34.971022778, -118.341942706, 2350, 102.329, 320.000, -9999.000
18328, 34.972631111, -118.343312180, 2334, 102.279, 320.000, -9999.000
18396, 34.974239443, -118.344681655, 2318, 102.229, 320.000, -9999.000
18464, 34.975847776, -118.346051129, 2302, 102.180, 320.000, -9999.000
18533, 34.977456109, -118.347420604, 2286, 102.130, 330.000, -9999.000
18601, 34.979235709, -118.348430159, 2270, 102.080, 330.000, -9999.000
18669, 34.981015308, -118.349439714, 2254, 102.030, 330.000, -9999.000
18738, 34.982794908, -118.350449269, 2238, 101.981, 330.000, -9999.000
18806, 34.984574508, -118.351458824, 2222, 101.931, 340.000, -9999.000
18875, 34.986471340, -118.352077709, 2207, 101.881, 340.000, -9999.000
18943, 34.988368171, -118.352696595, 2191, 101.831, 340.000, -9999.000
19012, 34.990265002, -118.353315480, 2175, 101.782, 340.000, -9999.000
19081, 34.992161834, -118.353934366, 2159, 101.732, 350.000, -9999.000
19149, 34.994118286, -118.354143675, 2143, 101.682, 350.000, -9999.000
19218, 34.996074739, -118.354352985, 2127, 101.632, 350.000, -9999.000
19287, 34.998031192, -118.354562295, 2111, 101.583, 350.000, -9999.000
19355, 34.999987644, -118.354771604, 2096, 101.533, 0.000, -9999.000
19424, 35.001944280, -118.354564862, 2080, 101.483, 0.000, -9999.000
19493, 35.003900917, -118.354358121, 2064, 101.433, 0.000, -9999.000
19562, 35.005857553, -118.354151379, 2048, 101.383, 0.000, -9999.000
19631, 35.007814190, -118.353944637, 2032, 101.334, 10.000, -9999.000
19700, 35.009711550, -118.353328010, 2016, 101.284, 10.000, -9999.000
19769, 35.011608911, -118.352711383, 2000, 101.234, 10.000, -9999.000
19837, 35.013506271, -118.352094755, 1984, 101.184, 10.000, -9999.000
19906, 35.015403632, -118.351478128, 1969, 101.135, 20.000, -9999.000
19976, 35.017184042, -118.350470249, 1953, 101.085, 20.000, -9999.000
20045, 35.018964453, -118.349462370, 1937, 101.035, 20.000, -9999.000
20114, 35.020744863, -118.348454491, 1921, 100.985, 20.000, -9999.000
20183, 35.022525274, -118.347446612, 1905, 100.936, 30.000, -9999.000
20252, 35.024134601, -118.346078029, 1889, 100.886, 30.000, -9999.000
20321, 35.025743928, -118.344709447, 1873, 100.836, 30.000, -9999.000
20390, 35.027353255, -118.343340864, 1857, 100.786, 30.000, -9999.000
20460, 35.028962582, -118.341972281, 1842, 100.737, 40.000, -9999.000
20529, 35.030351882, -118.340284538, 1826, 100.687, 40.000, -9999.000
20598, 35.031741182, -118.338596795, 1810, 100.637, 40.000, -9999.000
20668, 35.033130483, -118.336909052, 1794, 100.587, 40.000, -9999.000
20737, 35.034519783, -118.335221309, 1778, 100.538, 50.000, -9999.000
20807, 35.035646795, -118.333265686, 1762, 100.488, 50.000, -9999.000
20876, 35.036773807, -118.331310064, 1746, 100.438, 50.000, -9999.000
20946, 35.037900820, -118.329354441, 1730, 100.388, 50.000, -9999.000
21015, 35.039027832, -118.327398819, 1714, 100.339, 60.000, -9999.000
21085, 35.039858268, -118.325234777, 1699, 100.289, 60.000, -9999.000
21154, 35.040688704, -118.323070736, 1683, 100.239, 60.000, -9999.000
21224, 35.041519139, -118.320906695, 1667, 100.189, 60.000, -9999.000
21294, 35.042349575, -118.318742654, 1651, 100.140, 70.000, -9999.000
21363, 35.042858165, -118.316436023, 1635, 100.090, 70.000, -9999.000
21433, 35.043366756, -118.314129392, 1619, 100.040, 70.000, -9999.000
21503, 35.043875346, -118.311822761, 1603, 99.990, 70.000, -9999.000
21573, 35.044383936, -118.309516131, 1588, 99.941, 80.000, -9999.000
21643, 35.044555203, -118.307137098, 1572, 99.299, 80.000, -9999.000
21713, 35.044726471, -118.304758065, 1556, 98.657, 80.000, -9999.000
21782, 35.044897738, -118.302379033, 1540, 98.015, 80.000, -9999.000
21852, 35.045069006, -118.300000000, 1524, 97.373, 90.000, -9999.000
21920, 35.025885005, -118.240913000, 1407, 83.462, 90.000, -9999.000
21987, 35.006701004, -118.181826000, 1290, 69.552, 90.000, -9999.000
22055, 34.987517003, -118.122739000, 1173, 55.642, 90.000, -9999.000
22122, 34.968333002, -118.063652000, 1056, 41.731, 90.000, -9999.000
22190, 34.949149002, -118.004565000, 939, 27.821, 90.000, -9999.000
22257, 34.929965001, -117.945478000, 822, 13.910, 90.000, -9999.000
22324, 34.910781000, -117.886391000, 705, 0.000, 0.000, -9999.000
