notebooks/interactive_export/flight_plan.ict
38, 1001
N/A
N/A
Planned flight track - hyplan
N/A
1, 1
2026, 3, 21, 2026, 3, 21
0
Start_UTC, seconds, seconds from midnight UTC
6
1, 1, 1, 1, 1, 1
-9999, -9999, -9999, -9999, -9999, -9999
Latitude, Degrees, North positive, geodetic latitude
Longitude, Degrees, East positive, geodetic longitude
Altitude, meters, above sea level
speed, meters per second, ground speed
Bearing, degrees, degrees from north
SZA, degrees, solar zenith angle
0
17
PI_CONTACT_INFO: 
PLATFORM: King Air 200
LOCATION: N/A
ASSOCIATED_DATA: N/A
INSTRUMENT_INFO: Planned flight track generated by hyplan
DATA_INFO: Linearly interpolated planned flight track
UNCERTAINTY: N/A - planned track
ULOD_FLAG: -7777
ULOD_VALUE: N/A
LLOD_FLAG: -8888
LLOD_VALUE: N/A
DM_CONTACT_INFO: 
PROJECT_INFO: 
STIPULATIONS_ON_USE: Use as-is for flight planning only
OTHER_COMMENTS: 
REVISION: RA
RA: Planned flight track - pre-flight
Start_UTC, Latitude, Longitude, Altitude, speed, Bearing, SZA
0, 34.910781000, -117.886391000, 705, 114.270, 0.000, -9999.000
63, 34.921968443, -117.874453541, 1090, 114.270, 0.000, -9999.000
126, 34.933155885, -117.862516082, 1475, 114.270, 0.000, -9999.000
190, 34.944343328, -117.850578623, 1860, 114.270, 0.000, -9999.000
253, 34.955530770, -117.838641165, 2245, 114.270, 0.000, -9999.000
316, 34.966718213, -117.826703706, 2630, 114.270, 0.000, -9999.000
379, 34.977905655, -117.814766247, 3015, 114.270, 0.000, -9999.000
442, 34.989093098, -117.802828788, 3400, 114.270, 0.000, -9999.000
506, 35.000280540, -117.790891329, 3785, 114.270, 0.000, -9999.000
569, 35.011467983, -117.778953870, 4171, 114.270, 0.000, -9999.000
632, 35.022655425, -117.767016411, 4556, 114.270, 0.000, -9999.000
695, 35.033842868, -117.755078953, 4941, 114.270, 0.000, -9999.000
758, 35.045030310, -117.743141494, 5326, 114.270, 0.000, -9999.000
821, 35.056217753, -117.731204035, 5711, 114.270, 0.000, -9999.000
885, 35.067405195, -117.719266576, 6096, 114.270, 90.000, -9999.000
955, 35.067405195, -117.631559946, 6096, 114.270, 90.000, -9999.000
1025, 35.067405195, -117.543853315, 6096, 114.270, 90.000, -9999.000
1095, 35.067405195, -117.456146685, 6096, 114.270, 90.000, -9999.000
1165, 35.067405195, -117.368440054, 6096, 114.270, 90.000, -9999.000
1235, 35.067405195, -117.280733424, 6096, 114.270, 90.000, -9999.000
1301, 35.022336687, -117.280853816, 6096, 114.270, 270.000, -9999.000
1371, 35.022336687, -117.368512290, 6096, 114.270, 270.000, -9999.000
1441, 35.022336687, -117.456170763, 6096, 114.270, 270.000, -9999.000
1511, 35.022336687, -117.543829237, 6096, 114.270, 270.000, -9999.000
1581, 35.022336687, -117.631487710, 6096, 114.270, 270.000, -9999.000
1651, 35.022336687, -117.719146184, 6096, 114.270, 270.000, -9999.000
1718, 34.977267842, -117.719026058, 6096, 114.270, 90.000, -9999.000
1788, 34.977267842, -117.631415635, 6096, 114.270, 90.000, -9999.000
1858, 34.977267842, -117.543805212, 6096, 114.270, 90.000, -9999.000
1928, 34.977267842, -117.456194788, 6096, 114.270, 90.000, -9999.000
1998, 34.977267842, -117.368584365, 6096, 114.270, 90.000, -9999.000
2068, 34.977267842, -117.280973942, 6096, 114.270, 90.000, -9999.000
2135, 34.932198662, -117.281093801, 6096, 114.270, 270.000, -9999.000
2205, 34.932198662, -117.368656280, 6096, 114.270, 270.000, -9999.000
2275, 34.932198662, -117.456218760, 6096, 114.270, 270.000, -9999.000
2345, 34.932198662, -117.543781240, 6096, 114.270, 270.000, -9999.000
2415, 34.932198662, -117.631343720, 6096, 114.270, 270.000, -9999.000
2485, 34.932198662, -117.718906199, 6096, 114.270, 270.000, -9999.000
2551, 34.946307455, -117.791542924, 6096, 114.245, 270.000, -9999.000
2618, 34.960416248, -117.864179649, 6096, 114.221, 270.000, -9999.000
2684, 34.974525041, -117.936816375, 6096, 114.196, 270.000, -9999.000
2751, 34.988633834, -118.009453100, 6096, 114.171, 270.000, -9999.000
2817, 35.002742627, -118.082089825, 6096, 114.146, 270.000, -9999.000
2884, 35.016851420, -118.154726550, 6096, 114.121, 270.000, -9999.000
2950, 35.030960213, -118.227363275, 6096, 114.096, 270.000, -9999.000
3017, 35.045069006, -118.300000000, 6096, 114.071, 90.000, -9999.000
3078, 35.044897738, -118.297620967, 6080, 114.022, 90.000, -9999.000
3139, 35.044726471, -118.295241935, 6064, 113.972, 90.000, -9999.000
3201, 35.044555203, -118.292862902, 6048, 113.922, 90.000, -9999.000
3262, 35.044383936, -118.290483869, 6032, 113.872, 100.000, -9999.000
3323, 35.043875346, -118.288177239, 6017, 113.822, 100.000, -9999.000
3385, 35.043366756, -118.285870608, 6001, 113.773, 100.000, -9999.000
3446, 35.042858165, -118.283563977, 5985, 113.723, 100.000, -9999.000
3507, 35.042349575, -118.281257346, 5969, 113.673, 110.000, -9999.000
3569, 35.041519139, -118.279093305, 5953, 113.623, 110.000, -9999.000
3630, 35.040688704, -118.276929264, 5937, 113.574, 110.000, -9999.000
3692, 35.039858268, -118.274765223, 5921, 113.524, 110.000, -9999.000
3753, 35.039027832, -118.272601181, 5905, 113.474, 120.000, -9999.000
3815, 35.037900820, -118.270645559, 5890, 113.424, 120.000, -9999.000
3876, 35.036773807, -118.268689936, 5874, 113.375, 120.000, -9999.000
3938, 35.035646795, -118.266734314, 5858, 113.325, 120.000, -9999.000
4000, 35.034519783, -118.264778691, 5842, 113.275, 130.000, -9999.000
4061, 35.033130483, -118.263090948, 5826, 113.225, 130.000, -9999.000
4123, 35.031741182, -118.261403205, 5810, 113.176, 130.000, -9999.000
4185, 35.030351882, -118.259715462, 5794, 113.126, 130.000, -9999.000
4246, 35.028962582, -118.258027719, 5778, 113.076, 140.000, -9999.000
4308, 35.027353255, -118.256659136, 5763, 113.026, 140.000, -9999.000
4370, 35.025743928, -118.255290553, 5747, 112.977, 140.000, -9999.000
4432, 35.024134601, -118.253921971, 5731, 112.927, 140.000, -9999.000
4493, 35.022525274, -118.252553388, 5715, 112.877, 150.000, -9999.000
4555, 35.020744863, -118.251545509, 5699, 112.827, 150.000, -9999.000
4617, 35.018964453, -118.250537630, 5683, 112.778, 150.000, -9999.000
4679, 35.017184042, -118.249529751, 5667, 112.728, 150.000, -9999.000
4741, 35.015403632, -118.248521872, 5652, 112.678, 160.000, -9999.000
4803, 35.013506271, -118.247905245, 5636, 112.628, 160.000, -9999.000
4865, 35.011608911, -118.247288617, 5620, 112.579, 160.000, -9999.000
4927, 35.009711550, -118.246671990, 5604, 112.529, 160.000, -9999.000
4989, 35.007814190, -118.246055363, 5588, 112.479, 170.000, -9999.000
5051, 35.005857553, -118.245848621, 5572, 112.429, 170.000, -9999.000
5113, 35.003900917, -118.245641879, 5556, 112.380, 170.000, -9999.000
5175, 35.001944280, -118.245435138, 5540, 112.330, 170.000, -9999.000
5238, 34.999987644, -118.245228396, 5524, 112.280, 180.000, -9999.000
5300, 34.998031192, -118.245437705, 5509, 112.230, 180.000, -9999.000
5362, 34.996074739, -118.245647015, 5493, 112.181, 180.000, -9999.000
5424, 34.994118286, -118.245856325, 5477, 112.131, 180.000, -9999.000
5486, 34.992161834, -118.246065634, 5461, 112.081, 190.000, -9999.000
5549, 34.990265002, -118.246684520, 5445, 112.031, 190.000, -9999.000
5611, 34.988368171, -118.247303405, 5429, 111.982, 190.000, -9999.000
5674, 34.986471340, -118.247922291, 5413, 111.932, 190.000, -9999.000
5736, 34.984574508, -118.248541176, 5398, 111.882, 200.000, -9999.000
5798, 34.982794908, -118.249550731, 5382, 111.832, 200.000, -9999.000
5861, 34.981015308, -118.250560286, 5366, 111.782, 200.000, -9999.000
5923, 34.979235709, -118.251569841, 5350, 111.733, 200.000, -9999.000
5986, 34.977456109, -118.252579396, 5334, 111.683, 210.000, -9999.000
6048, 34.975847776, -118.253948871, 5318, 111.633, 210.000, -9999.000
6111, 34.974239443, -118.255318345, 5302, 111.583, 210.000, -9999.000
6173, 34.972631111, -118.256687820, 5286, 111.534, 210.000, -9999.000
6236, 34.971022778, -118.258057294, 5270, 111.484, 220.000, -9999.000
6299, 34.969634536, -118.259745037, 5255, 111.434, 220.000, -9999.000
6361, 34.968246294, -118.261432780, 5239, 111.384, 220.000, -9999.000
6424, 34.966858052, -118.263120524, 5223, 111.335, 220.000, -9999.000
6487, 34.965469810, -118.264808267, 5207, 111.285, 230.000, -9999.000
6550, 34.964343792, -118.266762997, 5191, 111.235, 230.000, -9999.000
6612, 34.963217774, -118.268717728, 5175, 111.185, 230.000, -9999.000
6675, 34.962091756, -118.270672459, 5159, 111.136, 230.000, -9999.000
6738, 34.960965739, -118.272627190, 5143, 111.086, 240.000, -9999.000
6801, 34.960136113, -118.274789555, 5128, 111.036, 240.000, -9999.000
6864, 34.959306488, -118.276951920, 5112, 110.986, 240.000, -9999.000
6927, 34.958476863, -118.279114285, 5096, 110.937, 240.000, -9999.000
6990, 34.957647238, -118.281276650, 5080, 110.887, 250.000, -9999.000
7053, 34.957139177, -118.283581023, 5064, 110.837, 250.000, -9999.000
7116, 34.956631116, -118.285885395, 5048, 110.787, 250.000, -9999.000
7179, 34.956123055, -118.288189768, 5032, 110.738, 250.000, -9999.000
7242, 34.955614994, -118.290494141, 5016, 110.688, 260.000, -9999.000
7305, 34.955443910, -118.292870606, 5001, 110.638, 260.000, -9999.000
7368, 34.955272826, -118.295247070, 4985, 110.588, 260.000, -9999.000
7431, 34.955101743, -118.297623535, 4969, 110.539, 260.000, -9999.000
7494, 34.954930659, -118.300000000, 4953, 110.489, 270.000, -9999.000
7558, 34.955101743, -118.302376465, 4937, 110.439, 270.000, -9999.000
7621, 34.955272826, -118.304752930, 4921, 110.389, 270.000, -9999.000
7684, 34.955443910, -118.307129394, 4905, 110.340, 270.000, -9999.000
7747, 34.955614994, -118.309505859, 4889, 110.290, 280.000, -9999.000
7811, 34.956123055, -118.311810232, 4874, 110.240, 280.000, -9999.000
7874, 34.956631116, -118.314114605, 4858, 110.190, 280.000, -9999.000
7937, 34.957139177, -118.316418977, 4842, 110.141, 280.000, -9999.000
8001, 34.957647238, -118.318723350, 4826, 110.091, 290.000, -9999.000
8064, 34.958476863, -118.320885715, 4810, 110.041, 290.000, -9999.000
8128, 34.959306488, -118.323048080, 4794, 109.991, 290.000, -9999.000
8191, 34.960136113, -118.325210445, 4778, 109.942, 290.000, -9999.000
8255, 34.960965739, -118.327372810, 4762, 109.892, 300.000, -9999.000
8318, 34.962091756, -118.329327541, 4747, 109.842, 300.000, -9999.000
8382, 34.963217774, -118.331282272, 4731, 109.792, 300.000, -9999.000
8445, 34.964343792, -118.333237003, 4715, 109.742, 300.000, -9999.000
8509, 34.965469810, -118.335191733, 4699, 109.693, 310.000, -9999.000
8573, 34.966858052, -118.336879476, 4683, 109.643, 310.000, -9999.000
8637, 34.968246294, -118.338567220, 4667, 109.593, 310.000, -9999.000
8700, 34.969634536, -118.340254963, 4651, 109.543, 310.000, -9999.000
8764, 34.971022778, -118.341942706, 4636, 109.494, 320.000, -9999.000
8828, 34.972631111, -118.343312180, 4620, 109.444, 320.000, -9999.000
8892, 34.974239443, -118.344681655, 4604, 109.394, 320.000, -9999.000
8955, 34.975847776, -118.346051129, 4588, 109.344, 320.000, -9999.000
9019, 34.977456109, -118.347420604, 4572, 109.295, 330.000, -9999.000
9083, 34.979235709, -118.348430159, 4556, 109.245, 330.000, -9999.000
9147, 34.981015308, -118.349439714, 4540, 109.195, 330.000, -9999.000
9211, 34.982794908, -118.350449269, 4524, 109.145, 330.000, -9999.000
9275, 34.984574508, -118.351458824, 4509, 109.096, 340.000, -9999.000
9339, 34.986471340, -118.352077709, 4493, 109.046, 340.000, -9999.000
9403, 34.988368171, -118.352696595, 4477, 108.996, 340.000, -9999.000
9467, 34.990265002, -118.353315480, 4461, 108.946, 340.000, -9999.000
9531, 34.992161834, -118.353934366, 4445, 108.897, 350.000, -9999.000
9595, 34.994118286, -118.354143675, 4429, 108.847, 350.000, -9999.000
9660, 34.996074739, -118.354352985, 4413, 108.797, 350.000, -9999.000
9724, 34.998031192, -118.354562295, 4397, 108.747, 350.000, -9999.000
9788, 34.999987644, -118.354771604, 4382, 108.698, 0.000, -9999.000
9852, 35.001944280, -118.354564862, 4366, 108.648, 0.000, -9999.000
9916, 35.003900917, -118.354358121, 4350, 108.598, 0.000, -9999.000
9981, 35.005857553, -118.354151379, 4334, 108.548, 0.000, -9999.000
10045, 35.007814190, -118.353944637, 4318, 108.499, 10.000, -9999.000
10109, 35.009711550, -118.353328010, 4302, 108.449, 10.000, -9999.000
10174, 35.011608911, -118.352711383, 4286, 108.399, 10.000, -9999.000
10238, 35.013506271, -118.352094755, 4270, 108.349, 10.000, -9999.000
10303, 35.015403632, -118.351478128, 4254, 108.300, 20.000, -9999.000
10367, 35.017184042, -118.350470249, 4239, 108.250, 20.000, -9999.000
10432, 35.018964453, -118.349462370, 4223, 108.200, 20.000, -9999.000
10496, 35.020744863, -118.348454491, 4207, 108.150, 20.000, -9999.000
10561, 35.022525274, -118.347446612, 4191, 108.101, 30.000, -9999.000
10625, 35.024134601, -118.346078029, 4175, 108.051, 30.000, -9999.000
10690, 35.025743928, -118.344709447, 4159, 108.001, 30.000, -9999.000
10755, 35.027353255, -118.343340864, 4143, 107.951, 30.000, -9999.000
10819, 35.028962582, -118.341972281, 4127, 107.902, 40.000, -9999.000
10884, 35.030351882, -118.340284538, 4112, 107.852, 40.000, -9999.000
10949, 35.031741182, -118.338596795, 4096, 107.802, 40.000, -9999.000
11014, 35.033130483, -118.336909052, 4080, 107.752, 40.000, -9999.000
11078, 35.034519783, -118.335221309, 4064, 107.703, 50.000, -9999.000
11143, 35.035646795, -118.333265686, 4048, 107.653, 50.000, -9999.000
11208, 35.036773807, -118.331310064, 4032, 107.603, 50.000, -9999.000
11273, 35.037900820, -118.329354441, 4016, 107.553, 50.000, -9999.000
11338, 35.039027832, -118.327398819, 4000, 107.503, 60.000, -9999.000
11403, 35.039858268, -118.325234777, 3985, 107.454, 60.000, -9999.000
11468, 35.040688704, -118.323070736, 3969, 107.404, 60.000, -9999.000
11533, 35.041519139, -118.320906695, 3953, 107.354, 60.000, -9999.000
11598, 35.042349575, -118.318742654, 3937, 107.304, 70.000, -9999.000
11663, 35.042858165, -118.316436023, 3921, 107.255, 70.000, -9999.000
11728, 35.043366756, -118.314129392, 3905, 107.205, 70.000, -9999.000
11793, 35.043875346, -118.311822761, 3889, 107.155, 70.000, -9999.000
11858, 35.044383936, -118.309516131, 3874, 107.105, 80.000, -9999.000
11923, 35.044555203, -118.307137098, 3858, 107.056, 80.000, -9999.000
11989, 35.044726471, -118.304758065, 3842, 107.006, 80.000, -9999.000
12054, 35.044897738, -118.302379033, 3826, 106.956, 80.000, -9999.000
12119, 35.045069006, -118.300000000, 3810, 106.906, 90.000, -9999.000
12184, 35.044897738, -118.297620967, 3794, 106.857, 90.000, -9999.000
12250, 35.044726471, -118.295241935, 3778, 106.807, 90.000, -9999.000
12315, 35.044555203, -118.292862902, 3762, 106.757, 90.000, -9999.000
12381, 35.044383936, -118.290483869, 3747, 106.707, 100.000, -9999.000
12446, 35.043875346, -118.288177239, 3731, 106.658, 100.000, -9999.000
12511, 35.043366756, -118.285870608, 3715, 106.608, 100.000, -9999.000
12577, 35.042858165, -118.283563977, 3699, 106.558, 100.000, -9999.000
12642, 35.042349575, -118.281257346, 3683, 106.508, 110.000, -9999.000
12708, 35.041519139, -118.279093305, 3667, 106.459, 110.000, -9999.000
12774, 35.040688704, -118.276929264, 3651, 106.409, 110.000, -9999.000
12839, 35.039858268, -118.274765223, 3635, 106.359, 110.000, -9999.000
12905, 35.039027832, -118.272601181, 3619, 106.309, 120.000, -9999.000
12971, 35.037900820, -118.270645559, 3604, 106.260, 120.000, -9999.000
13036, 35.036773807, -118.268689936, 3588, 106.210, 120.000, -9999.000
13102, 35.035646795, -118.266734314, 3572, 106.160, 120.000, -9999.000
13168, 35.034519783, -118.264778691, 3556, 106.110, 130.000, -9999.000
13234, 35.033130483, -118.263090948, 3540, 106.061, 130.000, -9999.000
13299, 35.031741182, -118.261403205, 3524, 106.011, 130.000, -9999.000
13365, 35.030351882, -118.259715462, 3508, 105.961, 130.000, -9999.000
13431, 35.028962582, -118.258027719, 3492, 105.911, 140.000, -9999.000
13497, 35.027353255, -118.256659136, 3477, 105.862, 140.000, -9999.000
13563, 35.025743928, -118.255290553, 3461, 105.812, 140.000, -9999.000
13629, 35.024134601, -118.253921971, 3445, 105.762, 140.000, -9999.000
13695, 35.022525274, -118.252553388, 3429, 105.712, 150.000, -9999.000
13761, 35.020744863, -118.251545509, 3413, 105.663, 150.000, -9999.000
13827, 35.018964453, -118.250537630, 3397, 105.613, 150.000, -9999.000
13893, 35.017184042, -118.249529751, 3381, 105.563, 150.000, -9999.000
13959, 35.015403632, -118.248521872, 3366, 105.513, 160.000, -9999.000
14026, 35.013506271, -118.247905245, 3350, 105.463, 160.000, -9999.000
14092, 35.011608911, -118.247288617, 3334, 105.414, 160.000, -9999.000
14158, 35.009711550, -118.246671990, 3318, 105.364, 160.000, -9999.000
14224, 35.007814190, -118.246055363, 3302, 105.314, 170.000, -9999.000
14291, 35.005857553, -118.245848621, 3286, 105.264, 170.000, -9999.000
14357, 35.003900917, -118.245641879, 3270, 105.215, 170.000, -9999.000
14423, 35.001944280, -118.245435138, 3254, 105.165, 170.000, -9999.000
14490, 34.999987644, -118.245228396, 3238, 105.115, 180.000, -9999.000
14556, 34.998031192, -118.245437705, 3223, 105.065, 180.000, -9999.000
14623, 34.996074739, -118.245647015, 3207, 105.016, 180.000, -9999.000
14689, 34.994118286, -118.245856325, 3191, 104.966, 180.000, -9999.000
